$ 1 0.000005 10.20027730826997 50 5 50 5e-11
r 112 208 112 96 0 600
w 112 96 224 96 0
r 224 96 224 208 0 300
v 224 96 416 96 0 0 40 18 0 0 0.5
r 416 96 416 208 0 300
v 224 208 304 208 0 0 40 36 0 0 0.5
r 304 208 416 208 0 150
r 112 208 112 304 0 600
w 112 304 224 304 0
v 224 304 416 304 0 0 40 18 0 0 0.5
r 416 208 416 304 0 300
r 480 96 480 304 0 1200
i 112 208 224 208 0 0.09
x 66 269 96 272 4 24 R7
x 64 165 94 168 4 24 R6
x 173 159 203 162 4 24 R5
x 180 272 210 275 4 24 Rp
x 153 244 173 247 4 24 Ig
x 311 68 340 71 4 24 E1
x 306 350 335 353 4 24 E3
x 365 163 395 166 4 24 R2
x 371 269 401 272 4 24 R3
x 434 210 464 213 4 24 R1
x 345 240 375 243 4 24 R4
x 264 247 293 250 4 24 E2
r 224 208 224 304 0 300
403 160 16 288 80 0 2_64_7_4099_20_0.1_-1_1_0.15625_Power\son\sR5
403 512 160 640 224 0 11_64_7_4099_5_0.0125_-1_1_0.0000762939453125_Power\son\sR1
x 192 427 221 430 4 24 Pp
x 195 -6 224 -3 4 24 P5
x 561 254 590 257 4 24 P1
w 480 96 416 96 0
w 480 304 416 304 0
403 160 320 288 384 0 25_128_7_4099_20_0.05_-1_1_0.15625_Power\son\sRp
x 182 478 359 481 6 24 10-Sep-2022,\sz2
38 25 F1 0 1 2000 -1 Rp
