$ 1 0.000005 10.20027730826997 49 5 50 5e-11
r 128 304 128 176 0 100
r 240 176 176 176 0 50
i 240 304 240 176 0 0.04
r 240 176 352 176 0 50
r 352 176 352 304 0 100
v 240 304 352 304 0 0 40 20 0 0 0.5
v 240 304 128 304 0 0 40 20 0 0 0.5
v 128 112 240 112 0 0 40 10 0 0 0.5
w 128 112 128 176 0
r 240 112 352 112 0 200
w 352 112 352 176 0
x 170 88 199 91 4 24 E3
x 283 87 313 90 4 24 R3
x 282 207 312 210 4 24 R2
x 168 210 198 213 4 24 R2
x 161 249 191 252 4 24 R1
x 306 249 336 252 4 24 R1
x 166 346 195 349 4 24 E1
x 248 271 281 274 4 24 Ig1
x 281 344 310 347 4 24 E2
x 146 393 322 396 6 24 10\sSep\s2022,\sp5
370 176 176 128 176 1 0 0
o 1 64 0 4097 5 0.05 0 2 1 3 Current\sI
