$ 1 0.000005 10.20027730826997 50 5 50 5e-11
w 112 336 112 240 0
w 112 240 208 240 0
w 208 240 208 208 0
r 208 208 320 208 0 500
w 208 240 208 272 0
r 208 272 320 272 0 750
w 320 272 320 240 0
w 320 208 320 240 0
r 320 240 432 240 0 200
w 432 240 432 336 0
r 112 336 432 336 0 200
w 112 336 112 400 0
v 208 400 112 400 0 0 40 20 0 0 0.5
r 208 400 336 400 0 300
r 336 400 432 400 0 50
w 432 400 432 336 0
r 208 400 208 480 0 75
r 336 400 336 480 0 75
r 208 480 336 480 0 300
v 272 512 208 512 0 0 40 -246.4 0 0 0.5
w 208 512 208 480 0
r 272 512 336 512 0 300
w 336 512 336 480 0
x 247 161 277 164 4 24 R8
x 248 250 278 253 4 24 R9
x 356 215 400 218 4 24 R10
x 261 314 291 317 4 24 R7
x 261 377 291 380 4 24 R5
x 371 377 401 380 4 24 R6
x 143 371 172 374 4 24 E2
x 363 450 393 453 4 24 R4
x 260 455 290 458 4 24 R2
x 218 556 247 559 4 24 E1
x 293 550 323 553 4 24 R1
x 165 449 195 452 4 24 R3
x 186 613 356 616 6 24 11-Sep-2020-z1
38 19 F1 0 -400 240 -1 E1
