$ 1 0.000005 10.20027730826997 50 5 50 5e-11
r 176 368 176 272 0 2000
w 176 272 288 272 0
r 288 272 288 368 0 1000
s 176 368 288 368 0 1 false
v 176 448 176 368 0 0 40 12 0 0 0.5
w 176 448 288 448 0
i 288 368 288 448 0 0.018000000000000002
w 288 272 400 272 0
w 288 448 400 448 0
r 400 448 400 272 0 2000
370 400 272 464 272 1 0 0
c 464 272 464 448 0 0.000002 -11.999999999999115 0.001
w 400 448 464 448 0
x 428 369 445 372 4 24 C
x 350 369 380 372 4 24 R2
x 245 414 265 417 4 24 Ig
x 242 329 272 332 4 24 R3
x 128 330 158 333 4 24 R1
x 125 416 154 419 4 24 E1
x 233 492 404 495 6 24 11-Sep-2020-p4
