$ 1 0.000005 10.20027730826997 50 5 50 5e-11
w 128 416 128 320 0
r 128 320 256 320 0 400
r 256 320 256 416 0 800
r 128 416 256 416 0 400
174 256 320 368 320 1 1000 0.5 Resistance
w 384 320 384 272 0
r 320 208 384 208 0 1500
s 320 272 320 208 0 1 false
w 320 272 320 304 0
p 320 272 384 272 1 0 0
w 384 208 384 272 0
x 345 183 362 186 4 24 R
x 179 297 209 300 4 24 R5
x 302 353 332 356 4 24 Rp
x 212 377 242 380 4 24 R4
r 256 416 384 416 0 400
w 384 416 384 320 0
x 176 452 206 455 4 24 R3
x 309 450 339 453 4 24 R2
w 128 416 128 512 0
v 256 512 128 512 0 0 40 5 0 0 0.5
r 256 512 384 512 0 500
w 384 512 384 416 0
x 182 554 198 557 4 24 E
x 306 556 336 559 4 24 R1
x 170 601 340 604 6 24 11-Sep-2020-z2
