$ 1 0.000005 10.20027730826997 50 5 50 5e-11
w 80 416 128 416 0
r 128 416 208 416 0 23.3333333333
r 208 416 304 416 0 23.3333333333
r 304 416 400 416 0 23.3333333333
r 400 416 496 416 0 23.3333333333
r 496 416 608 416 0 23.3333333333
w 608 416 688 416 0
x 162 388 179 391 4 24 R
x 249 385 266 388 4 24 R
x 342 383 359 386 4 24 R
x 437 384 454 387 4 24 R
x 543 382 560 385 4 24 R
w 128 416 128 352 0
w 128 352 400 352 0
w 400 352 400 416 0
w 208 416 208 272 0
r 208 272 496 272 0 23.3333333333
w 496 272 496 416 0
w 304 416 304 480 0
w 304 480 608 480 0
w 608 480 608 416 0
x 342 241 359 244 4 24 R
x 35 420 64 423 4 24 (1)
x 704 419 733 422 4 24 (2)
216 80 544 688 544 0 0.01
w 80 544 80 416 0
w 688 544 688 416 0
