$ 1 0.000005 10.20027730826997 50 5 50 5e-11
i 64 448 64 352 0 0.01
w 64 448 112 448 0
w 64 352 112 352 0
p 112 352 112 448 1 0 0
r 160 352 240 352 0 100
r 240 352 240 448 0 1000
r 240 352 320 352 0 100
r 320 352 320 448 0 1000
r 320 352 400 352 0 1000
370 448 352 400 352 1 0 0
r 448 352 448 448 0 1000
w 448 352 496 352 0
w 448 448 496 448 0
s 496 352 496 448 0 0 false
w 160 448 240 448 0
w 240 448 320 448 0
w 400 448 448 448 0
x 13 409 33 412 4 24 Ig
x 188 323 218 326 4 24 R1
x 267 321 297 324 4 24 R4
x 338 322 368 325 4 24 R1
x 194 410 224 413 4 24 R2
x 277 410 307 413 4 24 R2
x 403 408 433 411 4 24 R3
w 320 448 400 448 0
w 112 352 160 352 0
w 112 448 160 448 0
x 421 329 441 332 4 24 I3
x 125 434 142 437 4 24 U
b 160 272 396 487 0
x 199 533 371 536 6 24 18-Sep-2021-z3
