$ 1 0.000005 10.20027730826997 50 5 50 5e-11
i 176 528 176 368 0 0.04
w 176 368 256 368 0
r 256 368 256 448 0 30
v 256 448 352 448 0 0 40 8 0 0 0.5
r 352 448 448 448 0 200
r 448 448 448 368 0 50
w 256 368 448 368 0
i 448 448 448 528 0 0.02
w 448 528 256 528 0
r 256 528 256 448 0 100
w 256 528 176 528 0
x 123 456 156 459 4 24 Ig1
x 208 416 238 419 4 24 R2
x 211 499 241 502 4 24 R5
x 290 423 319 426 4 24 E4
x 387 423 417 426 4 24 R4
x 459 438 489 441 4 24 R3
x 459 516 492 519 4 24 Ig6
x 228 584 401 587 6 24 18-Sep-2021-p6
403 496 576 624 640 0 7_64_7_4099_5_0.05_-1_1_0.3125_Ig6\sPower
x 494 556 602 559 4 24 Ig6\sPower
