$ 1 0.000005 10.20027730826997 50 5 50 5e-11
v 224 448 336 448 0 0 40 12 0 0 0.5
w 224 448 224 384 0
r 224 384 320 384 0 100
w 320 384 320 320 0
w 224 384 224 320 0
c 224 320 272 320 2 0.000009999999999999999 -11.9781981359156 0
c 272 320 320 320 2 0.000009999999999999999 11.978198135915246 0
w 272 320 272 256 0
r 272 256 400 256 0 100
c 320 320 400 320 2 0.000009999999999999999 -11.97819813591532 0
w 400 256 400 320 0
s 400 320 400 448 0 1 false
x 272 496 288 499 4 24 E
x 260 359 290 362 4 24 R1
x 323 230 353 233 4 24 R2
x 232 291 262 294 4 24 C1
x 282 291 312 294 4 24 C2
x 346 291 376 294 4 24 C3
r 336 448 400 448 0 0.0005
x 231 541 404 544 6 24 18-Sep-2021-p8
