$ 1 0.000005 10.20027730826997 50 5 50 5e-11
r 224 464 448 464 0 600
w 224 464 224 416 0
r 224 416 336 416 0 400
r 336 416 448 416 0 200
w 448 416 448 464 0
i 336 416 336 320 0 1
w 224 416 224 320 0
r 224 320 336 320 0 100
r 336 320 448 320 0 200
v 448 416 448 320 0 0 40 20 0 0 0.5
x 268 294 298 297 4 24 R1
x 382 291 412 294 4 24 R2
x 267 453 297 456 4 24 R3
x 381 453 411 456 4 24 R4
x 480 374 496 377 4 24 E
x 294 373 314 376 4 24 Ig
x 322 500 352 503 4 24 R5
x 252 541 424 544 6 24 18-Sep-2021-z2
403 528 368 656 432 0 0_64_7_4099_80_0.1_-1_1_10_R5\sPower
x 525 355 630 358 4 24 R5\sPower
