$ 1 0.000005 10.20027730826997 46 5 50 5e-11
r 112 352 112 240 0 100
r 112 240 224 240 0 150
w 112 352 224 352 0
i 224 352 224 240 0 0.4
r 224 240 336 240 0 50
r 336 352 336 240 0 100
w 224 352 336 352 0
w 112 240 112 160 0
r 112 160 336 160 0 100
w 336 160 336 240 0
x 208 134 238 137 4 24 R1
x 154 213 184 216 4 24 R3
x 265 212 295 215 4 24 R2
x 64 301 94 304 4 24 R5
x 191 329 211 332 4 24 Ig
x 370 302 400 305 4 24 R4
403 256 64 384 128 0 8_64_7_4098_5_0.1_-1_1_1.25_Power\son\sR1
x 146 399 299 402 6 24 2-Jul-2022,\sp7
