$ 1 0.000005 10.20027730826997 54 5 50 5e-11
r 80 448 80 272 0 100
v 144 448 144 384 0 0 40 5 0 0 0.5
s 144 384 144 320 0 1 false
r 144 320 144 272 0 40
r 208 448 208 272 0 500
r 272 272 272 368 0 10
v 272 368 272 448 0 0 40 10 0 0 0.5
r 272 272 352 272 0 500
r 352 272 352 448 0 500
r 352 272 432 272 0 500
r 432 272 432 448 0 500
r 496 272 496 448 0 500
c 560 272 560 448 0 0.000049999999999999996 -1.1037527593427177 1
w 80 448 144 448 0
w 144 448 208 448 0
w 208 448 272 448 0
w 272 448 352 448 0
w 352 448 432 448 0
w 432 448 496 448 0
w 496 448 560 448 0
w 80 272 144 272 0
w 144 272 208 272 0
w 208 272 272 272 0
w 432 272 496 272 0
w 496 272 560 272 0
x 285 244 315 247 4 24 R5
x 371 243 401 246 4 24 R7
x 35 366 65 369 4 24 R1
x 95 311 125 314 4 24 R2
x 92 428 121 431 4 24 E2
x 160 368 190 371 4 24 R3
x 230 341 260 344 4 24 R4
x 232 395 261 398 4 24 E4
x 313 398 343 401 4 24 R6
x 397 397 427 400 4 24 R8
x 457 394 487 397 4 24 R9
x 531 391 548 394 4 24 C
x 256 503 408 506 6 24 2-Jul-2022,\sz3
