$ 1 0.000005 10.20027730826997 38 5 50 5e-11
r 64 272 64 112 0 6
i 64 112 176 112 0 1
v 176 192 176 112 0 0 40 4 0 0 0.5
r 176 192 176 272 0 6
v 176 272 64 272 0 0 40 5 0 0 0.5
r 176 112 288 112 0 6
v 288 272 288 112 0 0 40 10 0 0 0.5
r 176 272 288 272 0 4
r 64 272 64 400 0 6
i 176 272 176 352 0 1
i 288 272 288 352 0 4
S 176 384 224 384 0 1 false 0 2
S 288 384 240 384 0 1 false 0 2
w 176 272 224 320 0
w 288 272 240 320 0
w 240 320 240 368 0
w 224 368 224 320 0
w 176 352 176 384 0
w 288 352 288 384 0
w 224 400 224 432 0
w 240 400 240 432 0
w 240 432 224 432 0
w 224 432 64 432 0
w 64 432 64 400 0
x 99 74 132 77 4 24 Ig1
x 215 75 245 78 4 24 R3
x 318 192 347 195 4 24 E3
x 122 161 151 164 4 24 E2
x 1 200 31 203 4 24 R1
x 3 345 33 348 4 24 R8
x 104 315 133 318 4 24 E5
x 127 238 157 241 4 24 R2
x 130 343 163 346 4 24 Ig5
x 297 346 330 349 4 24 Ig7
x 216 464 245 467 4 24 (0)
x 221 248 251 251 4 24 R4
x 186 360 215 363 4 24 (1)
x 247 360 276 363 4 24 (2)
x 102 517 254 520 6 24 2-Jul-2022,\sz2
o 7 64 0 4097 1.25 0.00009765625 0 2 7 3 Current\sI4
