$ 1 0.000005 2.008553692318767 31 5 50 5e-11
v 592 528 592 416 0 0 40 5.29150262213 0 0 0.5
r 592 416 720 416 0 1
r 720 416 720 528 0 2
r 720 416 832 416 0 2
r 832 416 832 528 0 1
r 832 416 944 416 0 2
r 944 416 944 528 0 2
r 944 416 1056 416 0 1
w 1056 416 1056 528 0
w 1056 528 944 528 0
w 944 528 832 528 0
w 832 528 720 528 0
w 720 528 592 528 0
x 544 479 560 482 4 24 E
x 647 382 677 385 4 24 R1
x 765 380 795 383 4 24 R3
x 873 377 903 380 4 24 R3
x 977 379 1007 382 4 24 R1
x 732 513 762 516 4 24 R2
x 956 513 986 516 4 24 R2
x 849 513 879 516 4 24 R4
x 730 580 908 583 6 24 20-Aug-2022,\sp5
