$ 1 0.000005 10.20027730826997 31 5 50 5e-11
v 592 544 592 432 0 0 40 10 0 0 0.5
r 592 432 704 432 0 1
r 704 432 704 544 0 3
w 704 544 592 544 0
S 864 496 752 496 0 1 false 0 2
c 864 496 960 496 0 0.00008099999999999999 2.2222222222221903 0.001
r 704 432 960 432 0 2
r 704 544 960 544 0 4
w 960 544 960 496 0
w 960 496 960 432 0
w 704 432 720 448 0
w 720 448 752 448 0
w 752 448 752 480 0
w 704 544 720 528 0
w 720 528 752 528 0
w 752 528 752 512 0
x 549 495 565 498 4 24 E
x 635 407 665 410 4 24 R1
x 820 408 850 411 4 24 R3
x 660 493 690 496 4 24 R2
x 923 522 940 525 4 24 C
x 817 580 847 583 4 24 R4
x 762 468 791 471 4 24 (1)
x 760 535 789 538 4 24 (2)
x 693 632 871 635 6 24 20-Aug-2022_p8
