$ 1 0.000005 10.20027730826997 50 5 50 5e-11
v 128 208 128 320 0 0 40 4 0 0 0.5
r 128 208 240 208 0 200
i 240 320 240 208 0 -0.02
r 128 320 240 320 0 400
s 288 320 288 208 0 0 false
w 240 208 288 208 0
w 240 320 288 320 0
r 288 208 400 208 0 100
v 400 208 400 320 0 0 40 1 0 0 0.5
r 288 320 400 320 0 200
c 288 384 400 384 0 0.00001 -1.4444444444443931 0.001
w 288 320 288 384 0
w 400 320 400 384 0
w 400 384 400 448 0
w 128 320 128 448 0
r 128 448 272 448 0 400
v 272 448 400 448 0 0 40 5 0 0 0.5
x 170 179 200 182 4 24 R1
x 330 177 360 180 4 24 R2
x 72 272 101 275 4 24 E1
x 426 274 455 277 4 24 E2
x 201 268 221 271 4 24 Ig
x 178 492 208 495 4 24 R3
x 312 495 341 498 4 24 E3
x 336 418 353 421 4 24 C
x 330 295 360 298 4 24 R5
x 169 354 199 357 4 24 R4
x 178 537 355 540 6 24 20-Aug-2022_z3
