$ 1 5e-9 2.4737822143832555 39 10 50 5e-11
v 112 240 112 128 0 0 40 12 0 0 0.5
r 112 128 224 128 0 1
r 224 128 224 240 0 10
r 224 128 336 128 0 2
v 336 128 336 240 0 0 40 25 0 0 0.5
r 112 240 224 240 0 10
r 224 240 336 240 0 10
v 112 240 112 336 0 0 40 28 0 0 0.5
r 112 336 224 336 0 5
v 224 240 224 336 0 0 40 12 0 0 0.5
r 224 336 336 336 0 5
v 336 336 336 240 0 0 40 12 0 0 0.5
x 155 99 185 102 4 24 R1
x 262 97 292 100 4 24 R2
x 177 193 207 196 4 24 R5
x 279 194 308 197 4 24 E2
x 51 194 80 197 4 24 E1
x 51 294 80 297 4 24 E8
x 171 298 200 301 4 24 E4
x 276 296 305 299 4 24 E3
x 152 374 182 377 4 24 R8
x 268 376 298 379 4 24 R3
x 138 424 315 427 6 24 20-Aug-2022_z2
