$ 1 0.000005 10.20027730826997 50 5 50 5e-11
r 112 288 224 288 0 1000
r 224 288 224 384 0 1000
r 224 288 336 288 0 1000
r 336 288 336 384 0 1000
x 156 325 186 328 4 24 R1
x 268 325 298 328 4 24 R1
x 363 341 380 344 4 24 R
x 236 372 266 375 4 24 R2
w 336 384 224 384 0
w 224 384 112 384 0
x 63 293 94 296 4 24 (A)
x 65 390 96 393 4 24 (B)
b 128 208 389 447 0
w 560 288 704 288 0
r 704 288 704 384 0 1000
x 510 392 541 395 4 24 (B)
x 508 295 539 298 4 24 (A)
w 704 384 560 384 0
b 576 256 750 420 0
x 362 518 540 521 6 24 20-Aug-2022_p6
