$ 1 0.000005 10.20027730826997 64 5 50 5e-11
v 80 464 80 304 0 0 40 5 0 0 0.5
r 80 304 224 304 0 6000
r 224 304 224 464 0 6000
w 80 464 224 464 0
i 320 304 320 464 0 0.001
r 320 304 432 304 0 6000
v 432 464 432 304 0 0 40 10 0 0 0.5
w 320 464 432 464 0
p 272 304 272 464 1 0 0
w 224 464 272 464 0
w 272 464 320 464 0
w 320 304 272 304 0
w 272 304 224 304 0
x 137 276 167 279 4 24 R1
x 364 276 394 279 4 24 R2
x 96 418 125 421 4 24 E1
x 390 419 419 422 4 24 E2
x 329 416 349 419 4 24 Ig
x 248 417 265 420 4 24 U
x 183 418 213 421 4 24 R3
x 174 511 351 514 6 24 20-Feb-2022,\sp6
38 4 F1 0 0 0.001 -1 Current
