$ 1 0.000005 10.20027730826997 50 5 50 5e-11
i 80 336 80 128 0 0.04
w 80 128 144 128 0
r 144 128 144 208 0 200
r 144 208 144 272 0 200
v 240 272 144 272 0 0 40 4 0 0 0.5
r 144 272 144 336 0 200
r 240 336 240 272 0 200
r 272 336 272 272 0 200
w 80 336 144 336 0
w 144 336 240 336 0
w 240 336 272 336 0
w 448 336 528 336 0
r 528 336 528 128 0 200
w 240 272 272 272 0
r 272 272 272 128 0 200
s 448 128 528 128 0 1 false
w 144 128 272 128 0
x 112 321 129 324 4 24 R
x 34 241 54 244 4 24 Ig
x 111 194 128 197 4 24 R
x 113 267 130 270 4 24 R
x 213 331 230 334 4 24 R
x 281 330 298 333 4 24 R
x 241 218 258 221 4 24 R
x 545 267 574 270 4 24 Rx
p 400 128 400 336 1 0 0
w 272 128 336 128 0
w 336 336 272 336 0
r 336 336 336 128 0 100000000
x 350 274 379 277 4 24 Rv
w 400 336 448 336 0
w 448 128 400 128 0
w 336 128 400 128 0
b 308 168 458 309 0
x 350 113 381 116 4 24 (A)
x 351 372 382 375 4 24 (B)
x 408 274 452 277 4 24 Uab
w 336 336 400 336 0
x 209 418 385 421 6 24 20-Feb-2022,\sz2
38 28 F1 0 2200 100000000 -1 Voltmeter\sResistance
38 12 F1 0 1 1000 -1 Rx\sResistance
