$ 1 0.000005 10.20027730826997 50 5 50 5e-11
i 144 432 144 288 0 0.01
w 144 288 192 288 0
r 192 288 192 432 0 2000
w 144 432 192 432 0
s 192 288 272 288 0 1 false
r 272 288 272 368 0 2000
v 272 432 272 368 0 0 40 2 0 0 0.5
w 192 432 272 432 0
c 320 432 320 288 0 0.000001 -2.0000000000003104 0.001
w 272 288 320 288 0
w 272 432 320 432 0
x 107 400 127 403 4 24 Ig
x 156 399 186 402 4 24 R1
x 221 336 251 339 4 24 R2
x 219 408 248 411 4 24 E2
x 281 368 298 371 4 24 C
x 150 494 327 497 6 24 20-Feb-2022,\sp8
