$ 1 0.000005 10.20027730826997 50 5 50 5e-11
r 176 320 176 192 0 25
x 123 262 153 265 4 24 Rp
x -7 236 24 239 4 24 RT
x -3 295 27 298 4 24 ET
b -90 147 92 356 0
x -70 173 -54 176 4 24 A
w -32 320 32 320 0
w -32 192 32 192 0
r -32 256 -32 192 0 50
v -32 320 -32 256 0 0 40 10 0 0 0.5
x 310 237 341 240 4 24 RT
x 311 297 341 300 4 24 ET
b 246 147 428 356 0
x 394 175 410 178 4 24 A
w 304 320 368 320 0
w 304 192 368 192 0
r 368 256 368 192 0 50
v 368 320 368 256 0 0 40 10 0 0 0.5
w 32 192 176 192 0
w 176 192 304 192 0
w 304 320 176 320 0
w 32 320 176 320 0
403 48 -32 288 96 0 0_64_7_4099_0.0001_0.0001_-1_1_1.777777777777778_Rp\sPower
x 115 126 220 129 4 24 Rp\sPower
x 79 444 256 447 6 24 20-Feb-2022,\sp5
38 0 F1 0 1 200 -1 Resistance\sRp
