$ 1 0.000005 10.20027730826997 50 5 50 5e-11
v 80 464 80 304 0 0 40 4 0 0 0.5
r 80 304 208 304 0 2000
r 208 304 208 464 0 2000
w 80 464 208 464 0
34 Diode 1 1.7143528192810002e-7 0 2.4816827523407423 0 1
d 400 304 400 464 2 Diode
p 288 304 288 464 1 0 0
370 208 304 288 304 1 0 0
w 208 464 288 464 0
x 162 425 192 428 4 24 R2
x 132 279 162 282 4 24 R1
x 28 394 44 397 4 24 E
w 400 304 288 304 0
w 288 464 400 464 0
x 372 420 389 423 4 24 D
x 227 275 264 278 4 24 I_D
x 299 421 347 424 4 24 U_D
x 141 514 318 517 6 24 20-Feb-2022,\sp7
