$ 1 0.000005 10.20027730826997 60 5 50 5e-11
r 176 448 176 352 0 500
v 176 352 176 256 0 0 40 4 0 0 0.5
w 176 256 256 256 0
r 256 256 256 448 0 1500
w 176 448 256 448 0
r 336 352 256 256 0 500
r 256 256 336 256 0 500
r 336 256 336 352 0 500
r 336 352 416 256 0 500
r 416 256 336 256 0 500
r 336 352 336 448 0 1000
r 256 448 336 448 0 500
r 336 448 416 448 0 500
r 416 448 416 256 0 1500
w 416 256 496 256 0
v 496 352 496 256 0 0 40 4 0 0 0.5
r 496 352 496 448 0 500
w 496 448 416 448 0
x 249 509 421 512 6 24 23-Sep-2020-z1
x 134 332 163 335 4 24 E1
x 511 329 540 332 4 24 E2
38 1 F1 0 4 7 -1 E1
38 15 F1 0 1 4 -1 E2
