$ 1 0.000005 10.20027730826997 50 5 50 5e-11
s 192 384 192 304 0 1 false
r 192 304 192 208 0 2000
v 192 208 336 208 0 0 40 6 0 0 0.5
r 336 208 336 384 0 3000
i 192 384 272 384 0 0.002
r 272 384 336 384 0 5000
r 192 384 192 528 0 3000
w 192 528 336 528 0
r 336 528 336 384 0 2000
w 336 208 416 208 0
w 336 528 416 528 0
c 416 208 416 528 0 0.000002 3.0000000000006093 0
w 416 528 496 528 0
r 496 528 496 368 0 5000
v 496 368 496 208 0 0 40 2 0 0 0.5
w 496 208 416 208 0
x 256 581 428 584 6 24 23-Sep-2020-z2
x 251 178 280 181 4 24 E1
x 146 260 176 263 4 24 R1
x 143 465 173 468 4 24 R2
x 368 466 398 469 4 24 R4
x 366 306 396 309 4 24 R3
x 432 400 449 403 4 24 C
x 521 293 550 296 4 24 E6
x 525 457 555 460 4 24 R6
x 218 417 238 420 4 24 Ig
x 279 416 309 419 4 24 R5
