$ 1 0.000005 10.20027730826997 50 5 50 5e-11
i 96 448 96 336 0 1
r 160 448 160 336 0 5
v 160 336 256 336 0 0 40 15 0 0 0.5
r 256 336 352 336 0 15
i 352 448 352 336 0 3
v 432 448 432 384 0 0 40 10 0 0 0.5
r 432 384 432 336 0 20
r 432 336 544 336 0 8
r 544 336 544 448 0 24
r 624 336 624 400 0 24
v 624 400 624 448 0 0 40 30 0 0 0.5
w 96 448 160 448 0
w 160 448 352 448 0
w 352 448 432 448 0
w 432 448 544 448 0
w 544 448 624 448 0
w 624 336 544 336 0
w 432 336 352 336 0
w 160 336 96 336 0
x 41 401 74 404 4 24 Ig1
x 188 404 218 407 4 24 R1
x 198 305 227 308 4 24 E2
x 292 303 322 306 4 24 R2
x 299 402 332 405 4 24 Ig2
x 460 425 489 428 4 24 E6
x 459 373 489 376 4 24 R6
x 473 304 503 307 4 24 R5
x 571 402 601 405 4 24 R3
x 651 375 681 378 4 24 R4
x 646 435 675 438 4 24 E4
w 432 336 432 240 0
w 544 336 544 240 0
p 432 240 544 240 1 0 0
x 470 209 500 212 4 24 U5
x 300 502 472 505 6 24 28-Aug-2021-z2
403 160 144 288 208 0 4_64_7_4099_40_3.2_-1_1_160_Ig2\sPower
x 160 126 268 129 4 24 Ig2\sPower
