$ 1 0.000005 10.20027730826997 60 5 50 5e-11
i 160 368 160 288 0 0.01
r 160 288 256 288 0 28
w 256 288 256 240 0
r 256 240 336 240 0 28
s 336 240 400 240 0 1 false
r 256 288 400 288 0 28
r 400 288 400 368 0 28
r 256 288 256 368 0 28
w 160 368 256 368 0
w 400 288 400 240 0
x 201 257 218 260 4 24 R
x 288 208 305 211 4 24 R
x 318 324 335 327 4 24 R
x 223 337 240 340 4 24 R
r 400 368 256 368 0 28
x 320 403 337 406 4 24 R
x 435 336 452 339 4 24 R
x 120 334 140 337 4 24 Ig
x 197 445 370 448 6 24 28-Aug-2021-p6
