$ 1 0.000005 10.20027730826997 50 5 50 5e-11
i 160 464 160 352 0 0.01
r 160 352 256 352 0 1000
r 256 352 256 464 0 1000
r 160 464 256 464 0 1000
r 160 352 160 240 0 1000
v 160 240 256 240 0 0 40 5 0 0 0.5
i 256 352 256 240 0 0.01
v 336 464 336 240 0 0 40 5 0 0 0.5
w 256 464 336 464 0
w 256 240 336 240 0
x 201 211 230 214 4 24 E1
x 114 303 144 306 4 24 R1
x 267 327 300 330 4 24 Ig2
x 106 417 139 420 4 24 Ig5
x 192 385 222 388 4 24 R4
x 193 498 223 501 4 24 R5
x 361 358 390 361 4 24 E2
x 240 229 269 232 4 24 (0)
x 264 358 293 361 4 24 (2)
x 242 492 271 495 4 24 (3)
x 122 358 151 361 4 24 (1)
x 170 541 343 544 6 24 28-Aug-2021-p5
