$ 1 0.000005 10.20027730826997 50 5 50 5e-11
w 208 304 208 224 0
v 208 224 400 224 0 0 40 5 0 0 0.5
w 400 224 400 304 0
r 208 304 304 304 0 1000
r 304 304 400 304 0 1000
r 304 304 304 400 0 1000
w 208 304 208 400 0
r 208 400 304 400 0 3000
r 304 400 400 400 0 1000
w 400 400 400 304 0
x 296 193 312 196 4 24 E
x 247 279 264 282 4 24 R
x 345 276 362 279 4 24 R
x 314 331 331 334 4 24 R
x 241 371 271 374 4 24 3R
x 338 373 368 376 4 24 Rp
x 216 465 389 468 6 24 28-Sep-2021-p6
403 432 336 560 400 0 8_64_7_4099_2.5_0.003125_-1_1_0.009765625_Rp\sPower
x 434 312 539 315 4 24 Rp\sPower
38 8 F1 0 0 5000 -1 Rp
