$ 1 0.000005 10.20027730826997 39 5 50 5e-11
i 160 416 160 336 0 1
r 160 336 256 336 0 12
v 256 416 256 336 0 0 40 24 0 0 0.5
r 304 416 304 336 0 12
r 304 336 400 336 0 12
r 400 336 400 416 0 12
v 448 416 448 336 0 0 40 24 0 0 0.5
i 528 416 528 336 0 1
r 528 336 448 336 0 12
w 160 416 256 416 0
w 256 416 304 416 0
w 400 416 448 416 0
w 448 416 528 416 0
w 448 336 400 336 0
w 304 336 256 336 0
x 194 310 224 313 4 24 R1
x 339 309 369 312 4 24 R3
x 473 308 503 311 4 24 R5
x 222 409 251 412 4 24 E1
x 315 409 345 412 4 24 R2
x 363 409 393 412 4 24 R4
x 458 408 487 411 4 24 E2
x 537 407 570 410 4 24 Ig2
x 115 408 148 411 4 24 Ig1
x 255 486 428 489 6 24 28-Sep-2021-p7
w 304 416 400 416 0
