$ 1 0.000005 10.20027730826997 50 5 50 5e-11
v 144 400 144 336 0 0 40 5 0 0 0.5
r 144 336 144 272 0 1000
r 144 272 144 192 0 2
s 144 272 224 272 0 0 false
r 224 272 224 400 0 1000
w 144 400 224 400 0
w 224 400 272 400 0
b 256 144 470 436 0
w 448 192 512 192 0
w 448 400 512 400 0
p 512 192 512 400 1 0 0
x 91 240 121 243 4 24 R2
x 100 313 117 316 4 24 R
x 186 375 216 378 4 24 R1
x 98 378 114 381 4 24 E
x 526 330 543 333 4 24 U
370 144 192 272 192 1 0 0
x 197 163 217 166 4 24 I2
x 280 499 452 502 6 24 28-Sep-2021-z2
x 303 286 421 316 4 24 Resistance\\n\s\sNetwork
