$ 1 0.005 10.20027730826997 50 5 50 5e-11
i 160 512 160 400 0 0.005
v 240 400 160 400 0 0 40 10 0 0 0.5
r 240 400 336 400 0 2000
c 160 512 240 464 0 0.000002 -5.055536459025436 0.001
c 240 464 336 400 0 0.000001 -5.944463540974564 0.001
r 336 400 336 512 0 3000
w 160 512 336 512 0
r 336 400 432 400 0 5000
r 432 400 432 464 0 2000
v 432 512 432 464 0 0 40 15 0 0 0.5
w 336 512 432 512 0
w 160 400 160 336 0
w 432 400 432 336 0
r 160 336 432 336 0 3000
w 160 336 160 272 0
v 160 272 304 272 0 0 40 -26 0 0 0.5
s 304 272 432 272 0 1 false
w 432 272 432 336 0
x 205 235 234 238 4 24 E1
x 282 311 312 314 4 24 R1
x 185 374 214 377 4 24 E2
x 273 375 303 378 4 24 R2
x 369 371 399 374 4 24 R5
x 111 462 131 465 4 24 Ig
x 226 495 256 498 4 24 C2
x 271 468 301 471 4 24 C1
x 348 489 378 492 4 24 R4
x 462 439 492 442 4 24 R3
x 462 492 491 495 4 24 E3
x 205 557 377 560 6 24 28-Sep-2021-z3
