$ 1 0.000005 10.20027730826997 50 5 50 5e-11
v 160 368 160 240 0 0 40 4 0 0 0.5
s 160 240 256 240 0 0 false
r 256 240 352 240 0 1000
i 352 368 352 240 0 0.002
r 416 368 416 240 0 3000
c 480 368 480 240 0 0.000002 -4.499999999999758 0
w 160 368 352 368 0
w 352 368 416 368 0
w 416 368 480 368 0
w 480 240 416 240 0
w 416 240 352 240 0
x 288 211 318 214 4 24 R1
x 363 339 383 342 4 24 Ig
x 427 339 457 342 4 24 R2
x 491 340 508 343 4 24 C
x 110 310 126 313 4 24 E
x 235 422 408 425 6 24 28-Sep-2021-p8
