$ 1 0.000005 10.20027730826997 50 5 50 5e-11
r 144 448 144 368 0 4
v 144 368 144 288 0 0 40 1 0 0 0.5
w 144 288 224 288 0
c 224 288 224 448 0 0.000001 1 0.001
w 144 448 224 448 0
w 224 448 304 448 0
v 304 368 304 448 0 0 40 5 0 0 0.5
r 304 288 304 368 0 1
s 224 288 304 288 0 1 false
x 331 337 361 340 4 24 R2
x 331 416 360 419 4 24 E2
x 91 417 121 420 4 24 R1
x 94 335 123 338 4 24 E1
x 188 376 205 379 4 24 C
x 151 537 299 540 6 24 3-Jul-2021-p8
x 209 471 240 474 4 24 (B)
x 207 280 238 283 4 24 (A)
