$ 1 0.000005 10.20027730826997 50 5 50 5e-11
p 112 512 112 320 1 0 0
r 176 512 176 320 0 4000
r 240 416 240 320 0 2000
r 240 416 240 512 0 2000
w 112 512 176 512 0
w 112 320 176 320 0
w 176 320 240 320 0
w 176 512 240 512 0
r 240 416 336 416 0 1000
v 336 320 240 320 0 0 40 2 0 0 0.5
v 336 512 240 512 0 0 40 8 0 0 0.5
r 336 512 336 416 0 1000
r 336 416 336 320 0 1000
i 432 416 336 416 0 0.02
r 336 320 432 320 0 1000
r 336 512 432 512 0 1000
w 432 512 432 416 0
w 432 416 432 320 0
x 74 455 104 458 4 24 U1
x 138 453 168 456 4 24 R1
x 197 379 227 382 4 24 R2
x 198 471 228 474 4 24 R2
x 275 295 304 298 4 24 E2
x 274 450 304 453 4 24 R3
x 271 553 300 556 4 24 E1
x 293 376 323 379 4 24 R5
x 293 479 323 482 4 24 R5
x 371 290 401 293 4 24 R4
x 376 383 396 386 4 24 Ig
x 370 486 400 489 4 24 R4
x 187 595 333 598 6 24 3-Jul-2021-z2
403 480 384 608 448 0 8_64_7_4099_5_0.003125_-1_1_0.01953125_R3\sPower
x 476 366 581 369 4 24 R3\sPower
