$ 1 0.000005 10.20027730826997 50 5 50 5e-11
i 128 512 128 320 0 1
r 192 416 192 320 0 10
r 192 416 192 512 0 20
r 192 512 368 512 0 15
r 192 416 368 416 0 20
r 192 320 368 320 0 5
w 128 320 192 320 0
w 192 512 128 512 0
r 368 416 368 320 0 15
r 368 512 368 416 0 15
w 368 512 448 512 0
w 368 320 448 320 0
r 448 512 448 320 0 15
x 208 576 354 579 6 24 3-Jul-2021-z3
x 83 422 103 425 4 24 Ig
x 153 376 183 379 4 24 R1
x 150 474 180 477 4 24 R2
x 268 295 298 298 4 24 R3
x 272 394 289 397 4 24 R
x 266 489 296 492 4 24 R4
x 397 376 427 379 4 24 R5
x 393 473 423 476 4 24 R6
x 476 425 506 428 4 24 R7
403 544 384 672 448 0 4_64_7_4099_5_0.4_-1_1_0.0000762939453125_R\sPower
x 541 372 633 375 4 24 R\sPower
38 1 F1 0 0 100 -1 R1\sResistance
