$ 1 0.000005 10.20027730826997 50 5 50 5e-11
i 112 336 112 256 0 0.05
w 112 256 224 256 0
v 224 256 224 336 0 0 40 10 0 0 0.5
r 112 336 224 336 0 100
i 112 400 112 336 0 0.1
r 112 400 224 400 0 100
r 224 400 224 336 0 100
v 304 400 304 256 0 0 40 10 0 0 0.5
w 304 256 224 256 0
w 304 400 224 400 0
x 56 302 89 305 4 24 Ig1
x 56 377 89 380 4 24 Ig4
x 176 375 206 378 4 24 R4
x 177 312 207 315 4 24 R3
x 239 288 268 291 4 24 E2
x 317 310 346 313 4 24 E6
x 235 358 265 361 4 24 R5
403 -112 368 16 432 0 4_64_7_4099_40_0.1_-1_1_5_Ig4\sPower
403 -112 240 16 304 0 0_64_7_4099_20_0.1_-1_1_2.5_Ig1\sPower
403 384 304 512 368 0 7_64_7_4099_10_0.1_-1_1_1.25_E6\sPower
403 160 112 288 176 0 2_64_7_4099_10_0.2_-1_1_2.5_E2\sPower
x -114 229 -6 232 4 24 Ig1\sPower
x -113 354 -5 357 4 24 Ig4\sPower
x 159 99 263 102 4 24 E2\sPower
x 383 292 487 295 4 24 E6\sPower
x 123 481 297 484 6 24 30-Jan-2022,\sp5
