$ 1 0.000005 10.20027730826997 50 5 50 5e-11
r 96 288 96 176 0 100
v 192 288 96 288 0 0 40 20 0 0 0.5
i 192 288 192 176 0 0.04
v 192 288 288 288 0 0 40 -20 0 0 0.5
r 288 288 288 176 0 100
r 288 176 192 176 0 50
370 128 176 96 176 1 0 0
r 192 176 128 176 0 50
w 96 176 96 96 0
v 96 96 192 96 0 0 40 10 0 0 0.5
r 192 96 288 96 0 200
w 288 96 288 176 0
x 226 67 256 70 4 24 R3
x 136 71 165 74 4 24 E3
x 50 239 80 242 4 24 R1
x 125 336 154 339 4 24 E1
x 229 333 258 336 4 24 E2
x 143 153 173 156 4 24 R2
x 225 152 255 155 4 24 R2
x 328 235 358 238 4 24 R1
x 144 243 177 246 4 24 Ig1
x 106 384 280 387 6 24 30-Jan-2022,\sp7
