$ 1 0.000005 10.20027730826997 73 5 50 5e-11
v 96 352 96 256 0 0 40 4 0 0 0.5
s 96 256 96 176 0 0 false
r 96 176 96 96 0 1000
w 96 96 192 96 0
c 192 96 192 240 0 0.000001 2.000000000000902 0
c 192 240 192 352 0 0.000003 1.9999999999981597 0
w 192 352 96 352 0
r 192 240 304 240 0 2000
s 304 240 400 240 0 0 false
c 400 240 400 96 0 0.000003 -2.0000000000001292 0
c 400 352 400 240 0 0.000001 -1.9999999999989302 0
x 355 200 385 203 4 24 C3
x 364 327 394 330 4 24 C4
x 150 203 180 206 4 24 C1
x 154 326 184 329 4 24 C2
x 233 212 263 215 4 24 R2
x 41 148 71 151 4 24 R1
x 42 310 58 313 4 24 E
r 400 96 192 96 0 1
r 192 352 400 352 0 1
403 464 176 592 240 0 4_64_3_4098_2.9999994021032115_0.0001_-1_1
x 160 410 333 413 6 24 30-Jan-2022,\sz2
