$ 1 0.000005 10.20027730826997 50 5 50 5e-11
r 96 336 96 448 0 100
r 96 336 208 336 0 100
r 208 336 208 400 0 100
v 208 448 208 400 0 0 40 25 0 0 0.5
r 96 448 208 448 0 100
r 208 448 320 448 0 100
r 208 336 320 336 0 100
r 320 336 320 448 0 100
b 64 272 363 485 0
x 80 201 109 204 4 24 (1)
x 304 199 333 202 4 24 (2)
x 256 416 273 419 4 24 R
x 110 379 127 382 4 24 R
x 144 306 161 309 4 24 R
x 256 304 273 307 4 24 R
x 143 415 160 418 4 24 R
x 176 378 193 381 4 24 R
x 289 377 306 380 4 24 R
x 219 411 235 414 4 24 E
w 96 336 96 224 0
w 320 336 320 224 0
v 720 400 608 400 0 0 40 0 0 0 0.5
r 608 400 528 400 0 133.33333
w 528 400 528 272 0
w 720 400 720 272 0
x 540 439 571 442 4 24 RT
x 645 441 675 444 4 24 ET
b 480 304 765 474 0
x 716 253 745 256 4 24 (2)
x 492 255 521 258 4 24 (1)
x 335 552 509 555 6 24 30-Jan-2022,\sp6
