$ 1 0.000005 10.20027730826997 50 5 50 5e-11
v 112 416 112 304 0 0 40 5 0 0 0.5
r 112 304 176 304 0 1000000
c 176 304 176 416 0 2e-9 1.769707069077174 0.001
w 112 416 176 416 0
r 176 304 240 304 0 1000000
d 240 368 240 416 2 default
w 176 416 240 416 0
p 320 304 320 416 1 0 0
370 240 304 240 368 1 0 0
w 240 304 320 304 0
w 240 416 320 416 0
r 176 224 240 224 0 1000000
p 176 176 240 176 1 0 0
w 176 176 176 224 0
w 240 176 240 224 0
w 176 224 176 304 0
w 240 224 240 304 0
r 32 304 32 416 0 1000000
p -16 304 -16 416 1 0 0
w 32 304 112 304 0
w 112 416 32 416 0
w 32 416 -16 416 0
w 32 304 -16 304 0
x 76 472 245 475 6 24 31-Jan-2021-p8
