$ 1 0.000005 10.20027730826997 50 5 50 5e-11
r 144 352 240 352 0 2000
r 240 352 240 272 0 1000
174 288 208 192 208 1 10000 0.5 Rp Resistance
w 240 272 240 224 0
w 144 352 144 208 0
w 144 208 192 208 0
r 240 352 336 352 0 2000
v 336 352 336 208 0 0 40 2 0 0 0.5
w 288 208 336 208 0
i 336 416 144 416 0 0.003
w 144 416 144 352 0
w 336 416 336 352 0
x 225 188 255 191 4 24 Rp
x 177 196 206 199 4 24 (a)
x 270 195 299 198 4 24 (b)
x 201 266 228 269 4 24 (c)
x 359 287 375 290 4 24 E
x 269 322 286 325 4 24 R
x 179 380 209 383 4 24 R1
x 270 380 300 383 4 24 R2
x 226 456 246 459 4 24 Ig
x 161 500 329 503 6 24 31-Jan-2021-z2
403 400 272 528 336 0 1_64_7_4099_0.625_0.000390625_-1_1_0.000152587890625_R\sPower
x 400 260 492 263 4 24 R\sPower
