$ 1 0.000005 10.20027730826997 50 5 50 5e-11
w 128 176 176 176 0
x 113 156 144 159 4 24 (A)
r 176 176 288 176 0 30
r 176 176 176 288 0 30
r 176 288 288 288 0 30
r 288 288 288 176 0 30
r 288 176 400 176 0 30
r 288 288 400 288 0 30
r 400 288 400 176 0 30
w 288 288 288 336 0
w 176 288 288 176 0
w 288 176 400 288 0
x 115 369 146 372 4 24 (B)
x 226 152 243 155 4 24 R
x 137 244 154 247 4 24 R
x 258 241 275 244 4 24 R
x 429 244 446 247 4 24 R
x 222 322 239 325 4 24 R
x 337 325 354 328 4 24 R
x 336 146 353 149 4 24 R
w 48 176 96 176 0
216 48 176 48 336 0 0.01
w 288 336 128 336 0
w 96 336 48 336 0
x 174 430 343 433 6 24 31-Jan-2021-p5
