$ 1 0.000005 10.20027730826997 50 5 50 5e-11
i 128 384 128 256 0 0.002
w 128 256 208 256 0
r 208 256 208 336 0 1000
174 304 336 208 336 1 3500 0.5 Resistance
r 304 336 304 256 0 1000
w 208 256 208 208 0
w 304 256 304 208 0
p 208 208 304 208 1 0 0
w 304 256 384 256 0
i 384 384 384 256 0 0.002
w 128 384 256 384 0
w 256 384 384 384 0
w 256 384 256 352 0
x 81 324 101 327 4 24 Ig
x 439 327 459 330 4 24 Ig
x 177 307 194 310 4 24 R
x 330 304 347 307 4 24 R
x 241 307 271 310 4 24 Rp
403 192 96 320 160 0 7_64_0_4098_0.0000762939453125_0.1_-1_1
x 246 237 263 240 4 24 U
x 196 74 300 77 4 24 Voltage\sU
x 174 435 343 438 6 24 31-Jan-2021-p6
