$ 1 0.000005 10.20027730826997 50 5 50 5e-11
v 176 400 176 288 0 0 40 12 0 0 0.5
r 176 288 288 288 0 50
r 288 288 288 400 0 1000
r 176 400 256 400 0 50
r 176 288 288 400 0 50
r 288 288 400 288 0 50
r 288 400 400 288 0 50
r 400 288 400 400 0 50
v 400 400 288 400 0 0 40 12 0 0 0.5
x 225 257 242 260 4 24 R
x 341 260 358 263 4 24 R
x 425 351 442 354 4 24 R
x 350 373 367 376 4 24 R
x 221 432 238 435 4 24 R
x 211 374 228 377 4 24 R
x 299 326 316 329 4 24 R
x 337 436 353 439 4 24 E
x 138 351 154 354 4 24 E
x 200 484 369 487 6 24 31-Jan-2021-p7
370 256 400 288 400 1 0 0
