$ 1 0.000005 10.20027730826997 50 5 50 5e-11
v 144 272 144 160 0 0 40 5 0 0 0.5
r 144 160 256 160 0 1000
r 256 160 256 272 0 1000
r 256 272 368 272 0 1000
v 368 272 368 160 0 0 40 5 0 0 0.5
r 368 160 256 160 0 1000
v 192 272 144 272 0 0 40 5 0 0 0.5
r 192 272 256 272 0 1000
r 144 272 144 384 0 1000
v 144 384 256 384 0 0 40 5 0 0 0.5
r 256 272 256 384 0 1000
v 368 384 256 384 0 0 40 5 0 0 0.5
r 368 272 368 384 0 1000
x 189 130 219 133 4 24 R1
x 298 128 328 131 4 24 R2
x 88 220 117 223 4 24 E1
x 155 311 184 314 4 24 E4
x 284 226 314 229 4 24 R3
x 209 309 239 312 4 24 R4
x 298 306 328 309 4 24 R5
x 397 221 426 224 4 24 E2
x 95 340 125 343 4 24 R6
x 284 337 314 340 4 24 R7
x 402 337 432 340 4 24 R8
x 182 432 211 435 4 24 E6
x 299 430 328 433 4 24 E8
x 141 94 378 97 4 24 Metod\skonturnih\sstruja
x 135 488 380 491 6 24 Slika\s2.105,\sstrana\s130
